
R version 3.5.0 (2018-04-23) -- "Joy in Playing"
Copyright (C) 2018 The R Foundation for Statistical Computing
Platform: x86_64-pc-linux-gnu (64-bit)

R is free software and comes with ABSOLUTELY NO WARRANTY.
You are welcome to redistribute it under certain conditions.
Type 'license()' or 'licence()' for distribution details.

  Natural language support but running in an English locale

R is a collaborative project with many contributors.
Type 'contributors()' for more information and
'citation()' on how to cite R or R packages in publications.

Type 'demo()' for some demos, 'help()' for on-line help, or
'help.start()' for an HTML browser interface to help.
Type 'q()' to quit R.

> 
> 
> # Worst case scenario test run for 8T Null
> 
> 
> TMPDIR <- Sys.getenv('TMPDIR')
> USER <- Sys.getenv('USER')
> PBSIND <- as.numeric(Sys.getenv("PBS_ARRAY_INDEX"))
> 
> 
> 
> 
> if (PBSIND == 1) {
+   system.time(system("/home/$USER/SLiM/slim -s 123 -d Ne=8000 -d nloci=500 -d locisigma=10.0 -d pleiorate=1.0 -d delmu=1.0 -d rwide=1.241e-4 -d pleio_cov=0.5 -d delchr=10 /home/$USER/SLiM/Scripts/speedtest/Final/null8T100L_nowrite.slim"))
+ } else if (PBSIND == 2) {
+   system.time(system("/home/$USER/SLiM/slim -s 123 -d Ne=8000 -d nloci=500 -d locisigma=10.0 -d pleiorate=1.0 -d delmu=1.0 -d rwide=1.241e-4 -d pleio_cov=0.5 -d delchr=10 /home/$USER/SLiM/Scripts/speedtest/Final/null_recom_8T100L_nowrite.slim"))
+ } else {
+   system.time(system("/home/$USER/SLiM/slim -s 123 -d Ne=8000 -d nloci=500 -d locisigma=10.0 -d pleiorate=1.0 -d delmu=1.0 -d rwide=1.241e-4 -d pleio_cov=0.5 -d delchr=10 -d wsd=10.0 /home/$USER/SLiM/Scripts/speedtest/Final/stabsel_recom_8T100L_nowrite.slim"))
+   }
// Initial random seed:
123

// RunInitializeCallbacks():
initializeMutationRate(6.3e-06);
initializeMutationType(1, 0.5, "f", 0);
initializeMutationType(2, 0.5, "g", -0.03, 0.2);
initializeMutationType(3, 0.5, "f", 0);
initializeMutationType(4, 0.5, "n", 0, 10);
initializeMutationType(5, 0.5, "n", 0, 10);
initializeMutationType(6, 0.5, "n", 0, 10);
initializeMutationType(7, 0.5, "n", 0, 10);
initializeMutationType(8, 0.5, "n", 0, 10);
initializeMutationType(9, 0.5, "n", 0, 10);
initializeMutationType(10, 0.5, "n", 0, 10);
initializeMutationType(11, 0.5, "n", 0, 10);
initializeGenomicElementType(1, c(m1, m2), c(1, 1));
initializeGenomicElementType(2, m1, 1);
initializeRecombinationRate(c(0.000133205, 0.5, 0.000131532, 0.5, 0.000118709, 0.5, 0.000101379, 0.5, 0.000130405, 0.5, 0.000119678, 0.5, 0.000129089, 0.5, 0.00014647, 0.5, 0.000120967, 0.5, 0.000121401), c(2068, 2069, 4136, 4137, 6204, 6205, 8272, 8273, 10340, 10341, 12408, 12409, 14476, 14477, 16544, 16545, 18612, 18613, 20680));
initializeGenomicElement(g1, 0, 2067);
initializeGenomicElement(g1, 2068, 4135);
initializeGenomicElement(g1, 4136, 6203);
initializeGenomicElement(g1, 6204, 8271);
initializeGenomicElement(g1, 8272, 10339);
initializeGenomicElement(g1, 10340, 12407);
initializeGenomicElement(g1, 12408, 14475);
initializeGenomicElement(g1, 14476, 16543);
initializeGenomicElement(g1, 16544, 18611);
initializeGenomicElement(g1, 18612, 20679);

Pleiotropic QTL DFE means: 
0 0 0 0 0 0 0 0

Pleiotropic QTL DFE variance-covariance matrix (M matrix): 
        [,0]    [,1]    [,2]    [,3]    [,4]    [,5]    [,6]    [,7]
[0,]      10 2.06261 6.22123 5.23209 6.63151 4.19465 6.62271 5.06844
[1,] 2.06261      10 5.83241 3.26839 5.68277 3.80058 5.55994 5.50772
[2,] 6.22123 5.83241      10 3.25732 5.53272 5.40727 4.55512 5.20879
[3,] 5.23209 3.26839 3.25732      10 5.81615  6.3192 6.34702 4.63648
[4,] 6.63151 5.68277 5.53272 5.81615      10 4.17701 4.47525  4.5546
[5,] 4.19465 3.80058 5.40727  6.3192 4.17701      10 5.97457 4.14112
[6,] 6.62271 5.55994 4.55512 6.34702 4.47525 5.97457      10 6.17124
[7,] 5.06844 5.50772 5.20879 4.63648  4.5546 4.14112 6.17124      10

// Starting run at generation <start>:
1 

      user     system    elapsed 
142963.167   2490.518 145478.890 
> 
