
R version 3.5.0 (2018-04-23) -- "Joy in Playing"
Copyright (C) 2018 The R Foundation for Statistical Computing
Platform: x86_64-pc-linux-gnu (64-bit)

R is free software and comes with ABSOLUTELY NO WARRANTY.
You are welcome to redistribute it under certain conditions.
Type 'license()' or 'licence()' for distribution details.

  Natural language support but running in an English locale

R is a collaborative project with many contributors.
Type 'contributors()' for more information and
'citation()' on how to cite R or R packages in publications.

Type 'demo()' for some demos, 'help()' for on-line help, or
'help.start()' for an HTML browser interface to help.
Type 'q()' to quit R.

> 
> # Worst case scenario test run for 8T Selection
> 
> 
> TMPDIR <- Sys.getenv('TMPDIR')
> USER <- Sys.getenv('USER')
> PBSIND <- as.numeric(Sys.getenv("PBS_ARRAY_INDEX"))
> 
> 
> 
> 
> if (PBSIND == 1) {
+ 	system.time(system("/home/$USER/SLiM/slim -s 123 -d Ne=100 -d nloci=500 -d locisigma=10.0 -d pleiorate=1.0 -d delmu=1.0 -d rwide=1.241e-4 -d pleio_cov=0.5 -d delchr=10 -d wsd=10.0 /home/$USER/SLiM/Scripts/memorytest/stabsel_recom_8T100L_nowrite.slim"))
+ } else {
+ 	system.time(system("/home/$USER/SLiM/slim -s 123 -d Ne=100 -d nloci=500 -d locisigma=10.0 -d pleiorate=1.0 -d delmu=1.0 -d rwide=1.241e-4 -d pleio_cov=-0.5 -d delchr=10 -d wsd=10.0 /home/$USER/SLiM/Scripts/memorytest/stabsel_recom_8T100L_nowrite_mem.slim"))
+ }
// Initial random seed:
123

// RunInitializeCallbacks():
initializeMutationRate(6.3e-06);
initializeMutationType(1, 0.5, "f", 0);
initializeMutationType(2, 0.5, "g", -0.03, 0.2);
initializeMutationType(3, 0.5, "f", 0);
initializeMutationType(4, 0.5, "n", 0, 10);
initializeMutationType(5, 0.5, "n", 0, 10);
initializeMutationType(6, 0.5, "n", 0, 10);
initializeMutationType(7, 0.5, "n", 0, 10);
initializeMutationType(8, 0.5, "n", 0, 10);
initializeMutationType(9, 0.5, "n", 0, 10);
initializeMutationType(10, 0.5, "n", 0, 10);
initializeMutationType(11, 0.5, "n", 0, 10);
initializeGenomicElementType(1, c(m1, m2), c(1, 1));
initializeGenomicElementType(2, m1, 1);
initializeGenomicElement(g1, 0, 3362);
initializeGenomicElement(g1, 3363, 4779);
initializeGenomicElement(g1, 4780, 5075);
initializeGenomicElement(g1, 5076, 6179);
initializeGenomicElement(g1, 6180, 8204);
initializeGenomicElement(g1, 8205, 11312);
initializeGenomicElement(g1, 11313, 16009);
initializeGenomicElement(g1, 16010, 16577);
initializeGenomicElement(g1, 16578, 17670);
initializeGenomicElement(g1, 17671, 20679);
initializeRecombinationRate(0);

Pleiotropic QTL DFE means: 
0 0 0 0 0 0 0 0

Pleiotropic QTL DFE variance-covariance matrix (M matrix): 
           [,0]       [,1]       [,2]       [,3]       [,4]       [,5]       [,6]       [,7]
[0,]         10   -1.20152    -0.8296   -0.91866   -0.92381   -2.35398    -1.8798  -0.811334
[1,]   -1.20152         10   -2.06843   -3.02112   -1.33684 -0.0039692  -0.872698   -1.00287
[2,]    -0.8296   -2.06843         10   -1.90432   -1.98951  -0.239526   -1.40526   -2.18341
[3,]   -0.91866   -3.02112   -1.90432         10   -1.47461  -0.935285    -1.2111  -0.187256
[4,]   -0.92381   -1.33684   -1.98951   -1.47461         10   -2.04065    -1.8192  -0.920533
[5,]   -2.35398 -0.0039692  -0.239526  -0.935285   -2.04065         10   -2.17826   -1.88369
[6,]    -1.8798  -0.872698   -1.40526    -1.2111    -1.8192   -2.17826         10   -2.17696
[7,]  -0.811334   -1.00287   -2.18341  -0.187256  -0.920533   -1.88369   -2.17696         10

// Starting run at generation <start>:
1 


Trait optima: 
-310.394 462.29 964.054 -494.191 -147.579 -1091.02 1180.8 -866.37
   user  system elapsed 
689.980   0.917 692.557 
> 
