
R version 3.5.0 (2018-04-23) -- "Joy in Playing"
Copyright (C) 2018 The R Foundation for Statistical Computing
Platform: x86_64-pc-linux-gnu (64-bit)

R is free software and comes with ABSOLUTELY NO WARRANTY.
You are welcome to redistribute it under certain conditions.
Type 'license()' or 'licence()' for distribution details.

  Natural language support but running in an English locale

R is a collaborative project with many contributors.
Type 'contributors()' for more information and
'citation()' on how to cite R or R packages in publications.

Type 'demo()' for some demos, 'help()' for on-line help, or
'help.start()' for an HTML browser interface to help.
Type 'q()' to quit R.

> 
> # Worst case scenario test run for 8T Selection
> 
> system("/home/$USER/SLiM/slim -s 123 -d Ne=10000 -d QTL_cov=0.5 -d nloci=500 -d locisigma=10.0 -d pleiorate=1.0 -d delmu=1.0 -d rwide=1.241e-4 -d pleio_cov=0.5 -d delchr=10 /home/$USER/SLiM/Scripts/null_recom_8T100L_nowrite.slim")
// Initial random seed:
123

// RunInitializeCallbacks():
initializeMutationRate(6.3e-06);
initializeMutationType(1, 0.5, "f", 0);
initializeMutationType(2, 0.5, "g", -0.03, 0.2);
initializeMutationType(3, 0.5, "f", 0);
initializeMutationType(4, 0.5, "n", 0, 10);
initializeMutationType(5, 0.5, "n", 0, 10);
initializeMutationType(6, 0.5, "n", 0, 10);
initializeMutationType(7, 0.5, "n", 0, 10);
initializeMutationType(8, 0.5, "n", 0, 10);
initializeMutationType(9, 0.5, "n", 0, 10);
initializeMutationType(10, 0.5, "n", 0, 10);
initializeMutationType(11, 0.5, "n", 0, 10);
initializeGenomicElementType(1, c(m1, m2), c(1, 1));
initializeGenomicElementType(2, m1, 1);
initializeGenomicElement(g1, 0, 3362);
initializeGenomicElement(g1, 3363, 4779);
initializeGenomicElement(g1, 4780, 5075);
initializeGenomicElement(g1, 5076, 6179);
initializeGenomicElement(g1, 6180, 8204);
initializeGenomicElement(g1, 8205, 11312);
initializeGenomicElement(g1, 11313, 16009);
initializeGenomicElement(g1, 16010, 16577);
initializeGenomicElement(g1, 16578, 17670);
initializeGenomicElement(g1, 17671, 20679);
initializeRecombinationRate(0);

Pleiotropic QTL DFE means: 
0 0 0 0 0 0 0 0

Pleiotropic QTL DFE variance-covariance matrix (M matrix): 
         [,0]     [,1]     [,2]     [,3]     [,4]     [,5]     [,6]     [,7]
[0,]       10 0.692466 0.706226 0.749167  0.68345 0.394154 0.386308 0.799922
[1,] 0.692466       10 0.350496 0.181118 0.534213 0.939432 0.588902 0.710919
[2,] 0.706226 0.350496       10 0.375188 0.278802 0.795834 0.357102 0.333294
[3,] 0.749167 0.181118 0.375188       10 0.483449 0.691617 0.486847  0.90023
[4,]  0.68345 0.534213 0.278802 0.483449       10 0.346384 0.254585 0.649824
[5,] 0.394154 0.939432 0.795834 0.691617 0.346384       10 0.249811 0.480096
[6,] 0.386308 0.588902 0.357102 0.486847 0.254585 0.249811       10 0.275176
[7,] 0.799922 0.710919 0.333294  0.90023 0.649824 0.480096 0.275176       10

// Starting run at generation <start>:
1 

500 35.54
1000 89.14
1500 159.92
2000 246.04
2500 343.76
3000 455.76
3500 581.65
4000 723.75
4500 882.15
5000 1048.81
5500 1223
6000 1408.12
6500 1604.23
7000 1812.44
7500 2020.4
8000 2243.77
8500 2468.12
9000 2702.46
9500 2947.32
10000 3210.23
10500 3488.93
11000 3779.52
11500 4077.65
12000 4380.5
12500 4696.4
13000 5026.19
13500 5374.12
14000 5744.57
14500 6114.77
15000 6494.37
15500 6935.83
16000 7371.8
16500 7810.24
17000 8264.55
17500 8704.88
18000 9159.63
18500 9631.28
19000 10105
19500 10611.2
20000 11090.6
20500 11568
21000 12064.2
21500 12555.6
22000 13057.1
22500 13564.6
23000 14071.5
23500 14581.8
24000 15112.9
24500 15650
25000 16179.1
25500 16716.1
26000 17272.7
26500 17853.5
27000 18433.2
27500 19009
28000 19618.8
28500 20217.3
29000 20812.2
29500 21402.8
30000 21988.8
30500 22598.2
31000 23225.7
31500 23858.7
32000 24492.3
32500 25130.1
33000 25758.5
33500 26410.3
34000 27042.8
34500 27706.3
35000 28339.2
35500 28988.1
36000 29667.5
36500 30310.7
37000 30956.7
37500 31620.7
38000 32290
38500 32948.7
39000 33621.1
39500 34297.2
40000 34983.3
40500 35663.4
41000 36329.6
41500 36985
42000 37634.4
42500 38266.8
43000 38886.7
43500 39544.4
44000 40207.3
44500 40856
45000 41518.4
45500 42175.1
46000 42861.7
46500 43541.6
47000 44233.1
47500 44909.6
48000 45528.6
48500 46120.1
49000 46711.6
49500 47305.3
50000 47933.9
50500 48870.5
51000 49564.9
51500 50242.3
52000 50957.8
52500 51631
53000 52268.5
53500 52919.1
54000 53582.8
54500 54282
55000 54978.5
55500 55693.6
56000 56418.4
56500 57099.3
57000 57767.9
57500 58419.2
58000 59074.3
58500 59725
59000 60402.9
59500 61058.1
60000 61714.6
60500 62386.5
61000 63045.8
61500 63721.1
62000 64392.7
62500 65122.2
63000 65812.3
63500 66532.1
64000 67236.6
64500 67956
65000 68653.1
65500 69342.3
66000 70032.9
66500 70708.3
67000 71427.4
67500 72134.6
68000 72834.3
68500 73567.7
69000 74281.4
69500 74972.1
70000 75613.7
70500 76267.7
71000 76938.8
71500 77604.3
72000 78268.2
72500 78936.1
73000 79603.6
73500 80274.6
74000 80949.7
74500 81617.9
75000 82286.1
75500 83031.6
76000 83669.3
76500 84310.3
77000 84949
77500 85583.4
78000 86248.5
78500 86898.5
79000 87545.8
79500 88191.1
80000 88843.7
80500 89496.4
81000 90158.9
81500 90807.1
82000 91443.2
82500 92082.2
83000 92720.7
83500 93364.4
84000 93997.8
84500 94658.1
85000 95362.3
85500 96007
86000 96655.5
86500 97305.6
87000 97957.1
87500 98604.9
88000 99253.9
88500 99899.8
89000 100548
89500 101195
90000 101827
90500 102459
91000 103090
91500 103723
92000 104358
92500 105002
93000 105647
93500 106301
94000 106949
94500 107608
95000 108272
95500 108982
96000 109730
96500 110395
97000 111032
97500 111661
98000 112296
98500 113008
99000 113576
99500 114116
100000 114656
100500 115254
101000 115783
101500 116313
102000 116828
102500 117336
103000 117850
103500 118366
104000 118884
104500 119402
105000 119920
105500 120441
106000 120967
106500 121499
107000 122083
107500 122685
108000 123236
108500 123792
109000 124397
109500 124998
110000 125574
110500 126150
111000 126798
111500 127360
112000 127899
112500 128443
113000 128987
113500 129533
114000 130080
114500 130636
115000 131186
115500 131739
116000 132295
116500 132849
117000 133409
117500 133961
118000 134513
118500 135062
119000 135614
119500 136165
120000 136717
120500 137268
121000 137815
121500 138362
122000 138909
122500 139457
123000 140004
123500 140548
124000 141103
124500 141652
125000 142200
125500 142801
126000 143342
126500 143883
127000 144425
127500 144965
128000 145509
128500 146051
129000 146591
129500 147132
130000 147669
130500 148206
131000 148748
131500 149294
132000 149848
132500 150412
133000 150952
133500 151489
134000 152030
134500 152572
135000 153111
135500 153648
136000 154186
136500 154723
137000 155267
137500 155810
138000 156349
138500 156889
139000 157427
139500 157963
140000 158507
140500 159049
141000 159589
141500 160131
142000 160673
142500 161216
143000 161757
143500 162299
144000 162841
144500 163378
145000 163913
145500 164447
146000 164981
146500 165517
147000 166051
147500 166588
148000 167125
148500 167662
149000 168163
149500 168670
150000 169219
> 
