
R version 3.5.0 (2018-04-23) -- "Joy in Playing"
Copyright (C) 2018 The R Foundation for Statistical Computing
Platform: x86_64-pc-linux-gnu (64-bit)

R is free software and comes with ABSOLUTELY NO WARRANTY.
You are welcome to redistribute it under certain conditions.
Type 'license()' or 'licence()' for distribution details.

  Natural language support but running in an English locale

R is a collaborative project with many contributors.
Type 'contributors()' for more information and
'citation()' on how to cite R or R packages in publications.

Type 'demo()' for some demos, 'help()' for on-line help, or
'help.start()' for an HTML browser interface to help.
Type 'q()' to quit R.

> 
> # Worst case scenario test run for 8T Selection
> 
> 
> TMPDIR <- Sys.getenv('TMPDIR')
> USER <- Sys.getenv('USER')
> PBSIND <- as.numeric(Sys.getenv("PBS_ARRAY_INDEX"))
> 
> 
> 
> 
> if (PBSIND == 1) {
+ 	system.time(system("/home/$USER/SLiM/slim -s 123 -d Ne=10000 -d QTL_cov=0.5 -d nloci=500 -d locisigma=10.0 -d pleiorate=1.0 -d delmu=1.0 -d rwide=1.346e-5 -d pleio_cov=0.5 -d delchr=10 /home/$USER/SLiM/Scripts/null8T100L_nowrite.slim"))
+ }
// Initial random seed:
123

// RunInitializeCallbacks():
initializeMutationRate(6.3e-06);
initializeMutationType(1, 0.5, "f", 0);
initializeMutationType(2, 0.5, "g", -0.03, 0.2);
initializeMutationType(3, 0.5, "f", 0);
initializeMutationType(4, 0.5, "n", 0, 10);
initializeMutationType(5, 0.5, "n", 0, 10);
initializeMutationType(6, 0.5, "n", 0, 10);
initializeMutationType(7, 0.5, "n", 0, 10);
initializeMutationType(8, 0.5, "n", 0, 10);
initializeMutationType(9, 0.5, "n", 0, 10);
initializeMutationType(10, 0.5, "n", 0, 10);
initializeMutationType(11, 0.5, "n", 0, 10);
initializeGenomicElementType(1, c(m1, m2), c(1, 1));
initializeGenomicElementType(2, m1, 1);
initializeRecombinationRate(c(1.44475e-05, 0.5, 1.42661e-05, 0.5, 1.28752e-05, 0.5, 1.09956e-05, 0.5, 1.41438e-05, 0.5, 1.29804e-05, 0.5, 1.40011e-05, 0.5, 1.58862e-05, 0.5, 1.31202e-05, 0.5, 1.31672e-05), c(2068, 2069, 4136, 4137, 6204, 6205, 8272, 8273, 10340, 10341, 12408, 12409, 14476, 14477, 16544, 16545, 18612, 18613, 20680));
initializeGenomicElement(g1, 0, 2067);
initializeGenomicElement(g1, 2068, 4135);
initializeGenomicElement(g1, 4136, 6203);
initializeGenomicElement(g1, 6204, 8271);
initializeGenomicElement(g1, 8272, 10339);
initializeGenomicElement(g1, 10340, 12407);
initializeGenomicElement(g1, 12408, 14475);
initializeGenomicElement(g1, 14476, 16543);
initializeGenomicElement(g1, 16544, 18611);
initializeGenomicElement(g1, 18612, 20679);

Pleiotropic QTL DFE means: 
0 0 0 0 0 0 0 0

Pleiotropic QTL DFE variance-covariance matrix (M matrix): 
          [,0]      [,1]      [,2]      [,3]      [,4]      [,5]      [,6]      [,7]
[0,]        10 -0.234347  0.805308  0.558022  0.907877  0.298662  0.905678  0.517109
[1,] -0.234347        10  0.708103 0.0670978  0.670692  0.200146  0.639985   0.62693
[2,]  0.805308  0.708103        10 0.0643309   0.63318  0.601817   0.38878  0.552198
[3,]  0.558022 0.0670978 0.0643309        10  0.704038    0.8298  0.836754  0.409119
[4,]  0.907877  0.670692   0.63318  0.704038        10  0.294254  0.368813  0.388651
[5,]  0.298662  0.200146  0.601817    0.8298  0.294254        10  0.743643   0.28528
[6,]  0.905678  0.639985   0.38878  0.836754  0.368813  0.743643        10   0.79281
[7,]  0.517109   0.62693  0.552198  0.409119  0.388651   0.28528   0.79281        10

// Starting run at generation <start>:
1 

500 20.01
1000 55.35
1500 105.4
2000 170.95
2500 250.31
3000 342.73
3500 450.2
4000 571.09
4500 704.07
5000 845.58
5500 997.84
6000 1161.09
6500 1334.39
7000 1519.47
7500 1714.39
8000 1920.75
8500 2139.39
9000 2372.26
9500 2617.74
10000 2873.73
10500 3142.75
11000 3421.05
11500 3710.17
12000 4009.46
12500 4318.65
13000 4638.66
13500 4971.43
14000 5315.57
14500 5670.07
15000 6038.01
15500 6413.66
16000 6796.61
16500 7188.97
17000 7591.54
