 1.00000000 -0.12729364 -0.14769581 -0.16548583 -0.17687340 -0.08154527 -0.15745864 -0.17751319
-0.12729364  1.00000000 -0.18165905 -0.20897759 -0.09230783 -0.13606895 -0.08280151 -0.09336120
-0.14769581 -0.18165905  1.00000000 -0.15533105 -0.12598259 -0.17518684 -0.15892206 -0.10406340
-0.16548583 -0.20897759 -0.15533105  1.00000000 -0.11135466 -0.12025649 -0.12255897 -0.09122134
-0.17687340 -0.09230783 -0.12598259 -0.11135466  1.00000000 -0.10956140 -0.16214465 -0.17049723
-0.08154527 -0.13606895 -0.17518684 -0.12025649 -0.10956140  1.00000000 -0.18509319 -0.22076665
-0.15745864 -0.08280151 -0.15892206 -0.12255897 -0.16214465 -0.18509319  1.00000000 -0.15180068
-0.17751319 -0.09336120 -0.10406340 -0.09122134 -0.17049723 -0.22076665 -0.15180068  1.00000000
