
R version 3.5.0 (2018-04-23) -- "Joy in Playing"
Copyright (C) 2018 The R Foundation for Statistical Computing
Platform: x86_64-pc-linux-gnu (64-bit)

R is free software and comes with ABSOLUTELY NO WARRANTY.
You are welcome to redistribute it under certain conditions.
Type 'license()' or 'licence()' for distribution details.

  Natural language support but running in an English locale

R is a collaborative project with many contributors.
Type 'contributors()' for more information and
'citation()' on how to cite R or R packages in publications.

Type 'demo()' for some demos, 'help()' for on-line help, or
'help.start()' for an HTML browser interface to help.
Type 'q()' to quit R.

> ##############################################################################################################
> #  Pilot run AIM2 independent assortment model script with arguments coming from latin square, for use on cluster
> ##############################################################################################################
> 
> 
> #  Parallel script modified from SLiM-Extras example R script, info at
> #  the SLiM-Extras repository at https://github.com/MesserLab/SLiM-Extras.
> 
> # Environment variables
> 
> TMPDIR <- Sys.getenv('TMPDIR')
> USER <- Sys.getenv('USER')
> PBSIND <- as.numeric(Sys.getenv("PBS_ARRAY_INDEX"))
> 
> # Parallelisation libraries 
> 
> library(foreach)
> library(doParallel)
> library(future)
> 
> 
> # Load LHS samples - For this test run, we are doing 5 LHC samples and 3 seeds
> 
> lscombos_null_pilot <- read.csv(paste0("/home/",USER,"/SLiM/Scripts/Pilot/lscombos_null_pilot.csv"), header = T)
> 
> rsample <- read.csv(paste0("/home/",USER,"/SLiM/Scripts/Pilot/seeds_pilot.csv"), header = F)
> rsample <- as.character(as.vector(t(rsample)))
> 
> 
> cl <- makeCluster(future::availableCores())
> registerDoParallel(cl)
> 
> #Run SLiM, defining parameter sets according to LHC samples in command line
> 
> 
> # 8 Parameters for Aim 1 and 2, 9 for Aim 3 (wsd):
> # Ne, rwide, pleio_cov, pleiorate, delmu, nloci, locisigma, delchr
> 
> 
> foreach(i=rsample) %:%
+   foreach(j=1:(nrow(lscombos_null_pilot))) %dopar% {
+     # Use string manipulation functions to configure the command line args, feeding from a data frame of latin square combinations
+     # then run SLiM with system(),
+     slim_out <- system(sprintf("/home/$USER/SLiM/slim -s %s -d Ne=%i -d rwide=%s -d pleio_cov=%f -d pleiorate=%f -d delmu=%f -d nloci=%i -d locisigma=%f -d delchr=%i -d modelindex=%i /home/$USER/SLiM/Scripts/Pilot/null_recom_8T100L.slim", 
+                                as.character(i), as.integer(round(lscombos_null_pilot$Ne[j])), as.character(lscombos_null_pilot$rwide[j]), lscombos_null_pilot$pleiocov[j], lscombos_null_pilot$pleiorate[j], lscombos_null_pilot$delmu[j], as.integer(round(lscombos_null_pilot$nloci[j])), lscombos_null_pilot$locisigma[j], as.integer(round(lscombos_null_pilot$delchr[j])), j, intern=T))
+   }
// Initial random seed:
3362016776295546880

// Initial random seed:
3362016776295546880

// Initial random seed:
1483726831780626432

// Initial random seed:
3362016776295546880

// Initial random seed:
3362016776295546880

// Initial random seed:
1483726831780626432

// Initial random seed:
1483726831780626432

// Initial random seed:
1483726831780626432

// Initial random seed:
3990864511723634688

// RunInitializeCallbacks():
// RunInitializeCallbacks():
// RunInitializeCallbacks():
// RunInitializeCallbacks():
// RunInitializeCallbacks():
// RunInitializeCallbacks():
// RunInitializeCallbacks():
// RunInitializeCallbacks():
// RunInitializeCallbacks():
// Initial random seed:
3990864511723634688

// Initial random seed:
3362016776295546880

// Initial random seed:
3990864511723634688

// Initial random seed:
3990864511723634688

// RunInitializeCallbacks():
// RunInitializeCallbacks():
// RunInitializeCallbacks():
// RunInitializeCallbacks():
// Initial random seed:
3990864511723634688

// Initial random seed:
3362016776295546880

// RunInitializeCallbacks():
initializeMutationRate(6.3e-06);
initializeMutationRate(6.3e-06);
initializeMutationRate(6.3e-06);
initializeMutationRate(6.3e-06);
initializeMutationRate(6.3e-06);
initializeMutationRate(6.3e-06);
// RunInitializeCallbacks():
initializeMutationRate(6.3e-06);
initializeMutationRate(6.3e-06);
initializeMutationRate(6.3e-06);
initializeMutationRate(6.3e-06);
// Initial random seed:
3990864511723634688

initializeMutationType(1, 0.5, "f", 0);
initializeMutationType(2, 0.5, "g", -0.03, 0.2);
initializeMutationRate(6.3e-06);
initializeMutationType(1, 0.5, "f", 0);
initializeMutationType(1, 0.5, "f", 0);
initializeMutationType(2, 0.5, "g", -0.03, 0.2);
initializeMutationType(2, 0.5, "g", -0.03, 0.2);
// RunInitializeCallbacks():
initializeMutationType(1, 0.5, "f", 0);
initializeMutationType(2, 0.5, "g", -0.03, 0.2);
initializeMutationRate(6.3e-06);
initializeMutationType(1, 0.5, "f", 0);
initializeMutationType(2, 0.5, "g", -0.03, 0.2);
initializeMutationType(3, 0.5, "f", 0);
initializeMutationType(3, 0.5, "f", 0);
initializeMutationType(3, 0.5, "f", 0);
initializeMutationType(4, 0.5, "n", 0, 8.78058);
initializeMutationType(4, 0.5, "n", 0, 8.78058);
initializeMutationType(4, 0.5, "n", 0, 8.58065);
initializeMutationType(5, 0.5, "n", 0, 8.78058);
initializeMutationType(5, 0.5, "n", 0, 8.78058);
initializeMutationType(5, 0.5, "n", 0, 8.58065);
initializeMutationType(6, 0.5, "n", 0, 8.78058);
initializeMutationType(6, 0.5, "n", 0, 8.78058);
initializeMutationType(6, 0.5, "n", 0, 8.58065);
initializeMutationType(7, 0.5, "n", 0, 8.78058);
initializeMutationType(7, 0.5, "n", 0, 8.78058);
initializeMutationType(7, 0.5, "n", 0, 8.58065);
initializeMutationType(8, 0.5, "n", 0, 8.78058);
initializeMutationType(8, 0.5, "n", 0, 8.78058);
initializeMutationType(3, 0.5, "f", 0);
initializeMutationType(8, 0.5, "n", 0, 8.58065);
initializeMutationType(9, 0.5, "n", 0, 8.78058);
initializeMutationType(4, 0.5, "n", 0, 0.34969);
initializeMutationType(9, 0.5, "n", 0, 8.78058);
initializeMutationType(9, 0.5, "n", 0, 8.58065);
initializeMutationType(10, 0.5, "n", 0, 8.78058);
initializeMutationType(10, 0.5, "n", 0, 8.78058);
initializeMutationType(5, 0.5, "n", 0, 0.34969);
initializeMutationType(10, 0.5, "n", 0, 8.58065);
initializeMutationType(11, 0.5, "n", 0, 8.78058);
initializeMutationType(11, 0.5, "n", 0, 8.78058);
initializeMutationType(11, 0.5, "n", 0, 8.58065);
initializeMutationType(6, 0.5, "n", 0, 0.34969);
initializeMutationType(7, 0.5, "n", 0, 0.34969);
initializeMutationType(8, 0.5, "n", 0, 0.34969);
initializeMutationType(1, 0.5, "f", 0);
initializeMutationType(9, 0.5, "n", 0, 0.34969);
initializeMutationType(10, 0.5, "n", 0, 0.34969);
initializeMutationType(2, 0.5, "g", -0.03, 0.2);
initializeMutationType(11, 0.5, "n", 0, 0.34969);
initializeMutationType(3, 0.5, "f", 0);
initializeMutationType(4, 0.5, "n", 0, 0.34969);
initializeMutationType(5, 0.5, "n", 0, 0.34969);
initializeMutationType(6, 0.5, "n", 0, 0.34969);
initializeMutationType(1, 0.5, "f", 0);
initializeMutationType(7, 0.5, "n", 0, 0.34969);
initializeMutationType(8, 0.5, "n", 0, 0.34969);
initializeMutationType(2, 0.5, "g", -0.03, 0.2);
initializeMutationType(9, 0.5, "n", 0, 0.34969);
initializeMutationType(10, 0.5, "n", 0, 0.34969);
initializeMutationType(3, 0.5, "f", 0);
initializeMutationType(11, 0.5, "n", 0, 0.34969);
initializeMutationType(4, 0.5, "n", 0, 5.87822);
initializeMutationType(5, 0.5, "n", 0, 5.87822);
initializeMutationType(6, 0.5, "n", 0, 5.87822);
initializeMutationType(7, 0.5, "n", 0, 5.87822);
initializeMutationType(8, 0.5, "n", 0, 5.87822);
initializeMutationType(9, 0.5, "n", 0, 5.87822);
initializeMutationType(10, 0.5, "n", 0, 5.87822);
initializeMutationType(11, 0.5, "n", 0, 5.87822);
initializeMutationRate(6.3e-06);
initializeMutationType(1, 0.5, "f", 0);
initializeMutationType(2, 0.5, "g", -0.03, 0.2);
initializeMutationType(3, 0.5, "f", 0);
initializeMutationType(4, 0.5, "n", 0, 3.83534);
initializeMutationType(5, 0.5, "n", 0, 3.83534);
initializeMutationType(6, 0.5, "n", 0, 3.83534);
initializeMutationType(7, 0.5, "n", 0, 3.83534);
initializeMutationType(8, 0.5, "n", 0, 3.83534);
initializeMutationType(9, 0.5, "n", 0, 3.83534);
initializeMutationType(10, 0.5, "n", 0, 3.83534);
initializeMutationType(11, 0.5, "n", 0, 3.83534);
// Initial random seed:
1483726831780626432

// Initial random seed:
1483726831780626432

initializeMutationType(1, 0.5, "f", 0);
initializeMutationType(2, 0.5, "g", -0.03, 0.2);
// RunInitializeCallbacks():
initializeMutationType(3, 0.5, "f", 0);
// Initial random seed:
3362016776295546880

initializeGenomicElementType(1, c(m1, m2), c(1, 0.130103));
initializeMutationType(4, 0.5, "n", 0, 1.85233);
initializeGenomicElementType(2, m1, 1);
initializeMutationType(5, 0.5, "n", 0, 1.85233);
initializeMutationType(6, 0.5, "n", 0, 1.85233);
// Initial random seed:
1483726831780626432

initializeMutationType(7, 0.5, "n", 0, 1.85233);
initializeMutationType(8, 0.5, "n", 0, 1.85233);
// Initial random seed:
1483726831780626432

// Initial random seed:
3990864511723634688

initializeMutationType(9, 0.5, "n", 0, 1.85233);
// Initial random seed:
3362016776295546880

initializeGenomicElementType(1, c(m1, m2), c(1, 0.381012));
initializeMutationType(10, 0.5, "n", 0, 1.85233);
// RunInitializeCallbacks():
initializeMutationType(11, 0.5, "n", 0, 1.85233);
initializeGenomicElementType(2, m1, 1);
initializeGenomicElementType(1, c(m1, m2), c(1, 0.826048));
initializeGenomicElementType(2, m1, 1);
// Initial random seed:
3990864511723634688

// RunInitializeCallbacks():
initializeMutationType(3, 0.5, "f", 0);
initializeMutationType(4, 0.5, "n", 0, 5.87822);
initializeMutationType(5, 0.5, "n", 0, 5.87822);
// RunInitializeCallbacks():
initializeMutationType(6, 0.5, "n", 0, 5.87822);
// RunInitializeCallbacks():
initializeMutationType(7, 0.5, "n", 0, 5.87822);
initializeMutationType(1, 0.5, "f", 0);
// RunInitializeCallbacks():
initializeMutationType(8, 0.5, "n", 0, 5.87822);
// RunInitializeCallbacks():
initializeMutationRate(6.3e-06);
initializeMutationType(9, 0.5, "n", 0, 5.87822);
initializeMutationType(2, 0.5, "g", -0.03, 0.2);
initializeMutationType(1, 0.5, "f", 0);
initializeMutationType(10, 0.5, "n", 0, 5.87822);
initializeMutationType(2, 0.5, "g", -0.03, 0.2);
initializeMutationType(11, 0.5, "n", 0, 5.87822);
initializeMutationType(3, 0.5, "f", 0);
initializeMutationType(3, 0.5, "f", 0);
initializeMutationType(4, 0.5, "n", 0, 5.87822);
initializeMutationType(4, 0.5, "n", 0, 8.58065);
initializeMutationType(5, 0.5, "n", 0, 5.87822);
// RunInitializeCallbacks():
initializeMutationType(5, 0.5, "n", 0, 8.58065);
initializeMutationType(6, 0.5, "n", 0, 5.87822);
initializeMutationRate(6.3e-06);
initializeMutationType(6, 0.5, "n", 0, 8.58065);
initializeMutationType(7, 0.5, "n", 0, 5.87822);
initializeMutationType(7, 0.5, "n", 0, 8.58065);
initializeMutationType(8, 0.5, "n", 0, 5.87822);
initializeMutationType(1, 0.5, "f", 0);
initializeMutationType(8, 0.5, "n", 0, 8.58065);
initializeMutationType(2, 0.5, "g", -0.03, 0.2);
initializeMutationType(9, 0.5, "n", 0, 5.87822);
initializeMutationType(9, 0.5, "n", 0, 8.58065);
initializeMutationType(10, 0.5, "n", 0, 5.87822);
initializeMutationType(10, 0.5, "n", 0, 8.58065);
initializeMutationType(11, 0.5, "n", 0, 5.87822);
initializeMutationType(3, 0.5, "f", 0);
initializeMutationType(11, 0.5, "n", 0, 8.58065);
initializeMutationType(4, 0.5, "n", 0, 3.83534);
initializeMutationType(5, 0.5, "n", 0, 3.83534);
initializeMutationRate(6.3e-06);
initializeMutationType(6, 0.5, "n", 0, 3.83534);
initializeMutationType(7, 0.5, "n", 0, 3.83534);
initializeMutationType(1, 0.5, "f", 0);
initializeMutationType(8, 0.5, "n", 0, 3.83534);
initializeMutationType(2, 0.5, "g", -0.03, 0.2);
initializeMutationType(9, 0.5, "n", 0, 3.83534);
initializeMutationType(10, 0.5, "n", 0, 3.83534);
initializeMutationRate(6.3e-06);
initializeMutationType(3, 0.5, "f", 0);
initializeMutationType(11, 0.5, "n", 0, 3.83534);
initializeMutationType(4, 0.5, "n", 0, 6.88573);
initializeMutationType(1, 0.5, "f", 0);
initializeMutationType(5, 0.5, "n", 0, 6.88573);
initializeMutationRate(6.3e-06);
initializeMutationRate(6.3e-06);
initializeMutationType(2, 0.5, "g", -0.03, 0.2);
initializeMutationType(6, 0.5, "n", 0, 6.88573);
initializeMutationRate(6.3e-06);
initializeMutationType(1, 0.5, "f", 0);
initializeMutationType(1, 0.5, "f", 0);
initializeMutationType(2, 0.5, "g", -0.03, 0.2);
initializeMutationType(3, 0.5, "f", 0);
initializeMutationType(7, 0.5, "n", 0, 6.88573);
initializeMutationType(2, 0.5, "g", -0.03, 0.2);
initializeMutationType(1, 0.5, "f", 0);
initializeMutationType(8, 0.5, "n", 0, 6.88573);
initializeMutationType(4, 0.5, "n", 0, 8.78058);
initializeMutationType(2, 0.5, "g", -0.03, 0.2);
initializeMutationType(3, 0.5, "f", 0);
initializeMutationType(5, 0.5, "n", 0, 8.78058);
initializeMutationType(9, 0.5, "n", 0, 6.88573);
initializeMutationType(3, 0.5, "f", 0);
initializeMutationType(6, 0.5, "n", 0, 8.78058);
initializeMutationType(10, 0.5, "n", 0, 6.88573);
initializeMutationType(4, 0.5, "n", 0, 8.58065);
initializeMutationType(3, 0.5, "f", 0);
initializeMutationType(11, 0.5, "n", 0, 6.88573);
initializeMutationType(4, 0.5, "n", 0, 1.85233);
initializeMutationType(5, 0.5, "n", 0, 8.58065);
initializeMutationType(7, 0.5, "n", 0, 8.78058);
initializeGenomicElementType(1, c(m1, m2), c(1, 0.676201));
initializeMutationType(4, 0.5, "n", 0, 3.32449);
initializeMutationType(6, 0.5, "n", 0, 8.58065);
initializeMutationType(8, 0.5, "n", 0, 8.78058);
initializeGenomicElementType(1, c(m1, m2), c(1, 0.053074));
initializeMutationRate(6.3e-06);
initializeMutationType(5, 0.5, "n", 0, 1.85233);
initializeGenomicElementType(2, m1, 1);
initializeGenomicElementType(1, c(m1, m2), c(1, 0.676201));
initializeMutationType(5, 0.5, "n", 0, 3.32449);
initializeGenomicElementType(2, m1, 1);
initializeMutationType(7, 0.5, "n", 0, 8.58065);
initializeGenomicElementType(1, c(m1, m2), c(1, 0.360299));
initializeMutationType(9, 0.5, "n", 0, 8.78058);
initializeMutationType(6, 0.5, "n", 0, 1.85233);
initializeGenomicElementType(1, c(m1, m2), c(1, 0.053074));
initializeMutationType(10, 0.5, "n", 0, 8.78058);
initializeGenomicElementType(2, m1, 1);
initializeMutationType(6, 0.5, "n", 0, 3.32449);
initializeMutationType(8, 0.5, "n", 0, 8.58065);
initializeMutationType(1, 0.5, "f", 0);
initializeGenomicElementType(2, m1, 1);
initializeGenomicElementType(1, c(m1, m2), c(1, 0.130103));
initializeGenomicElementType(2, m1, 1);
initializeMutationType(2, 0.5, "g", -0.03, 0.2);
initializeMutationType(11, 0.5, "n", 0, 8.78058);
initializeMutationType(7, 0.5, "n", 0, 1.85233);
initializeMutationType(7, 0.5, "n", 0, 3.32449);
initializeMutationType(9, 0.5, "n", 0, 8.58065);
initializeGenomicElementType(2, m1, 1);
initializeMutationType(8, 0.5, "n", 0, 1.85233);
initializeMutationType(8, 0.5, "n", 0, 3.32449);
initializeMutationType(10, 0.5, "n", 0, 8.58065);
initializeMutationType(3, 0.5, "f", 0);
initializeMutationType(11, 0.5, "n", 0, 8.58065);
initializeMutationType(9, 0.5, "n", 0, 1.85233);
initializeGenomicElementType(1, c(m1, m2), c(1, 0.982935));
initializeMutationType(9, 0.5, "n", 0, 3.32449);
initializeMutationType(4, 0.5, "n", 0, 3.32449);
initializeMutationType(10, 0.5, "n", 0, 1.85233);
initializeGenomicElementType(2, m1, 1);
initializeMutationType(10, 0.5, "n", 0, 3.32449);
initializeMutationType(11, 0.5, "n", 0, 1.85233);
initializeMutationType(5, 0.5, "n", 0, 3.32449);
initializeMutationType(11, 0.5, "n", 0, 3.32449);
initializeGenomicElementType(1, c(m1, m2), c(1, 0.053074));
initializeMutationType(6, 0.5, "n", 0, 3.32449);
initializeGenomicElementType(2, m1, 1);
initializeMutationType(7, 0.5, "n", 0, 3.32449);
initializeGenomicElementType(1, c(m1, m2), c(1, 0.826048));
initializeMutationType(8, 0.5, "n", 0, 3.32449);
initializeGenomicElementType(1, c(m1, m2), c(1, 0.606026));
initializeGenomicElementType(2, m1, 1);
initializeMutationRate(6.3e-06);
initializeGenomicElementType(2, m1, 1);
initializeMutationType(9, 0.5, "n", 0, 3.32449);
initializeMutationType(10, 0.5, "n", 0, 3.32449);
initializeMutationType(11, 0.5, "n", 0, 3.32449);
initializeMutationType(1, 0.5, "f", 0);
initializeMutationType(2, 0.5, "g", -0.03, 0.2);
initializeGenomicElementType(1, c(m1, m2), c(1, 0.606026));
initializeMutationType(3, 0.5, "f", 0);
initializeGenomicElementType(2, m1, 1);
initializeMutationType(4, 0.5, "n", 0, 3.32449);
initializeMutationType(5, 0.5, "n", 0, 3.32449);
initializeMutationType(6, 0.5, "n", 0, 3.32449);
initializeMutationType(7, 0.5, "n", 0, 3.32449);
initializeMutationType(8, 0.5, "n", 0, 3.32449);
initializeMutationType(9, 0.5, "n", 0, 3.32449);
initializeMutationType(10, 0.5, "n", 0, 3.32449);
initializeMutationType(11, 0.5, "n", 0, 3.32449);
initializeGenomicElementType(1, c(m1, m2), c(1, 0.606026));
initializeGenomicElementType(2, m1, 1);
initializeMutationType(1, 0.5, "f", 0);
initializeMutationType(2, 0.5, "g", -0.03, 0.2);
initializeMutationType(3, 0.5, "f", 0);
initializeMutationType(4, 0.5, "n", 0, 1.85233);
initializeMutationType(5, 0.5, "n", 0, 1.85233);
initializeMutationType(6, 0.5, "n", 0, 1.85233);
initializeMutationType(7, 0.5, "n", 0, 1.85233);
initializeMutationType(8, 0.5, "n", 0, 1.85233);
initializeMutationType(9, 0.5, "n", 0, 1.85233);
initializeMutationType(10, 0.5, "n", 0, 1.85233);
initializeMutationType(11, 0.5, "n", 0, 1.85233);
initializeGenomicElementType(1, c(m1, m2), c(1, 0.826048));
initializeGenomicElementType(2, m1, 1);
initializeMutationType(1, 0.5, "f", 0);
initializeMutationType(2, 0.5, "g", -0.03, 0.2);
initializeMutationType(3, 0.5, "f", 0);
initializeMutationType(4, 0.5, "n", 0, 6.88573);
initializeMutationType(5, 0.5, "n", 0, 6.88573);
initializeMutationType(6, 0.5, "n", 0, 6.88573);
initializeGenomicElementType(1, c(m1, m2), c(1, 0.381012));
initializeMutationType(7, 0.5, "n", 0, 6.88573);
initializeMutationType(8, 0.5, "n", 0, 6.88573);
initializeGenomicElementType(2, m1, 1);
initializeMutationType(9, 0.5, "n", 0, 6.88573);
initializeMutationType(10, 0.5, "n", 0, 6.88573);
initializeMutationType(11, 0.5, "n", 0, 6.88573);
initializeGenomicElementType(1, c(m1, m2), c(1, 0.360299));
initializeGenomicElementType(2, m1, 1);
initializeGenomicElement(g1, 0, 1933);
initializeMutationRate(6.3e-06);
initializeGenomicElement(g2, 0, 1933);
initializeGenomicElement(g1, 0, 1542);
initializeGenomicElement(g2, 1934, 2749);
initializeGenomicElement(g2, 1934, 2749);
initializeGenomicElement(g1, 2750, 3864);
initializeGenomicElement(g2, 2750, 3864);
initializeGenomicElement(g2, 1543, 1918);
initializeGenomicElement(g1, 3865, 4471);
initializeGenomicElement(g2, 3865, 4471);
initializeGenomicElement(g2, 1919, 3865);
initializeGenomicElement(g1, 4472, 10328);
initializeGenomicElement(g2, 4472, 10328);
initializeGenomicElement(g1, 3866, 4741);
initializeGenomicElement(g1, 10329, 15631);
initializeGenomicElement(g2, 10329, 15631);
initializeGenomicElement(g2, 4742, 7015);
initializeGenomicElement(g2, 15632, 16450);
initializeGenomicElement(g2, 15632, 16450);
initializeMutationType(1, 0.5, "f", 0);
initializeGenomicElement(g2, 7016, 10584);
initializeGenomicElement(g1, 16451, 18737);
initializeGenomicElement(g2, 16451, 18737);
initializeGenomicElement(g2, 10585, 10814);
initializeGenomicElement(g1, 18738, 20204);
initializeGenomicElement(g2, 18738, 20204);
initializeGenomicElement(g1, 10815, 11278);
initializeGenomicElement(g2, 20205, 20679);
initializeGenomicElement(g2, 20205, 20679);
initializeMutationType(2, 0.5, "g", -0.03, 0.2);
initializeGenomicElement(g2, 11279, 19666);
initializeGenomicElement(g2, 19667, 20679);
initializeMutationType(3, 0.5, "f", 0);
initializeMutationType(4, 0.5, "n", 0, 3.83534);
initializeMutationType(5, 0.5, "n", 0, 3.83534);
initializeMutationType(6, 0.5, "n", 0, 3.83534);
initializeMutationType(7, 0.5, "n", 0, 3.83534);
initializeMutationType(8, 0.5, "n", 0, 3.83534);
initializeMutationType(9, 0.5, "n", 0, 3.83534);
initializeGenomicElement(g1, 0, 1542);
initializeMutationType(10, 0.5, "n", 0, 3.83534);
initializeGenomicElement(g2, 1543, 1918);
initializeMutationType(11, 0.5, "n", 0, 3.83534);
initializeGenomicElement(g2, 1919, 3865);
initializeGenomicElement(g2, 3866, 4741);
initializeGenomicElement(g2, 4742, 7015);
initializeGenomicElement(g2, 7016, 10584);
initializeGenomicElement(g2, 10585, 10814);
initializeGenomicElement(g1, 10815, 11278);
initializeGenomicElement(g2, 11279, 19666);
initializeGenomicElement(g2, 19667, 20679);
initializeGenomicElementType(1, c(m1, m2), c(1, 0.130103));
initializeGenomicElementType(2, m1, 1);
initializeRecombinationRate(0);
initializeRecombinationRate(0);
initializeRecombinationRate(0);
initializeGenomicElement(g1, 0, 1542);
initializeGenomicElement(g2, 1543, 1918);
initializeGenomicElement(g2, 1919, 3865);
initializeGenomicElement(g2, 3866, 4741);
initializeGenomicElement(g2, 4742, 7015);
initializeGenomicElement(g2, 7016, 10584);
initializeGenomicElement(g2, 10585, 10814);
initializeGenomicElement(g1, 10815, 11278);
initializeGenomicElement(g2, 11279, 19666);
initializeGenomicElement(g2, 19667, 20679);
initializeRecombinationRate(0);
initializeRecombinationRate(0);
initializeGenomicElement(g1, 0, 1542);
initializeGenomicElement(g1, 1543, 1918);
initializeGenomicElement(g1, 1919, 3865);
initializeGenomicElement(g1, 3866, 4741);
initializeGenomicElement(g1, 4742, 7015);
initializeGenomicElement(g1, 7016, 10584);
initializeGenomicElement(g2, 10585, 10814);
initializeGenomicElement(g1, 10815, 11278);
initializeGenomicElement(g1, 11279, 19666);
initializeGenomicElement(g1, 19667, 20679);
initializeRecombinationRate(0);
initializeGenomicElement(g1, 0, 1542);
initializeGenomicElement(g2, 1543, 1918);
initializeGenomicElement(g1, 1919, 3865);
initializeGenomicElement(g1, 3866, 4741);
initializeGenomicElement(g1, 4742, 7015);
initializeGenomicElement(g2, 7016, 10584);
initializeGenomicElement(g2, 10585, 10814);
initializeGenomicElement(g1, 10815, 11278);
initializeGenomicElement(g2, 11279, 19666);
initializeGenomicElement(g1, 19667, 20679);
initializeRecombinationRate(0);

Pleiotropic QTL DFE means: 
0 0 0 0 0 0 0 0

Pleiotropic QTL DFE variance-covariance matrix (M matrix): 
initializeMutationType(1, 0.5, "f", 0);
initializeMutationType(2, 0.5, "g", -0.03, 0.2);
initializeMutationType(3, 0.5, "f", 0);
initializeMutationType(4, 0.5, "n", 0, 6.88573);
initializeMutationType(5, 0.5, "n", 0, 6.88573);
initializeMutationType(6, 0.5, "n", 0, 6.88573);
initializeMutationType(7, 0.5, "n", 0, 6.88573);
initializeMutationType(8, 0.5, "n", 0, 6.88573);
initializeMutationType(9, 0.5, "n", 0, 6.88573);
initializeMutationType(10, 0.5, "n", 0, 6.88573);
initializeGenomicElement(g1, 0, 1542);
initializeMutationType(11, 0.5, "n", 0, 6.88573);
initializeGenomicElement(g1, 1543, 1918);
initializeGenomicElement(g1, 1919, 3865);
initializeGenomicElement(g1, 3866, 4741);
initializeGenomicElement(g1, 4742, 7015);
initializeGenomicElement(g1, 7016, 10584);
initializeGenomicElement(g2, 10585, 10814);
initializeGenomicElement(g1, 10815, 11278);
initializeGenomicElement(g2, 11279, 19666);
initializeGenomicElement(g1, 19667, 20679);
initializeGenomicElementType(1, c(m1, m2), c(1, 0.360299));
initializeRecombinationRate(0);
initializeGenomicElementType(2, m1, 1);
          [,0]      [,1]      [,2]      [,3]      [,4]      [,5]      [,6]      [,7]
[0,]   3.32449 0.0860584 0.0939804 0.0872975  0.171489 0.0822026 0.0628492 0.0882417
[1,] 0.0860584   3.32449 0.0819353  0.228771  0.148374  0.214422  0.206049  0.100621
[2,] 0.0939804 0.0819353   3.32449  0.143074  0.052854 0.0745761  0.145478  0.188051
[3,] 0.0872975  0.228771  0.143074   3.32449  0.148336  0.147567   0.18984  0.168241
[4,]  0.171489  0.148374  0.052854  0.148336   3.32449  0.106902  0.101315 0.0488271
[5,] 0.0822026  0.214422 0.0745761  0.147567  0.106902   3.32449 0.0106702 0.0957833
[6,] 0.0628492  0.206049  0.145478   0.18984  0.101315 0.0106702   3.32449  0.130531
[7,] 0.0882417  0.100621  0.188051  0.168241 0.0488271 0.0957833  0.130531   3.32449
initializeGenomicElement(g2, 0, 1542);
initializeGenomicElement(g2, 1543, 1918);
initializeGenomicElement(g2, 1919, 3865);
initializeGenomicElement(g2, 3866, 4741);
initializeGenomicElement(g2, 4742, 7015);
initializeGenomicElement(g2, 7016, 10584);
initializeGenomicElement(g2, 10585, 10814);
initializeGenomicElement(g2, 10815, 11278);
initializeGenomicElement(g2, 11279, 19666);
initializeGenomicElement(g2, 19667, 20679);
initializeGenomicElement(g2, 0, 1542);
initializeRecombinationRate(0);
initializeGenomicElement(g2, 1543, 1918);
initializeGenomicElement(g2, 1919, 3865);
initializeGenomicElement(g2, 3866, 4741);
initializeGenomicElement(g2, 4742, 7015);
initializeGenomicElement(g2, 7016, 10584);
initializeGenomicElement(g2, 10585, 10814);
initializeGenomicElement(g2, 10815, 11278);
initializeGenomicElement(g2, 11279, 19666);
initializeGenomicElement(g2, 19667, 20679);
initializeRecombinationRate(0);
initializeGenomicElement(g1, 0, 1933);
initializeGenomicElement(g2, 1934, 2749);
initializeGenomicElement(g1, 2750, 3864);
initializeGenomicElement(g2, 3865, 4471);
initializeGenomicElement(g1, 4472, 10328);
initializeGenomicElement(g1, 10329, 15631);
initializeGenomicElement(g2, 15632, 16450);
initializeGenomicElement(g2, 16451, 18737);
initializeGenomicElement(g2, 18738, 20204);
initializeGenomicElement(g2, 20205, 20679);
initializeRecombinationRate(0);
initializeGenomicElementType(1, c(m1, m2), c(1, 0.982935));
initializeGenomicElementType(2, m1, 1);

Pleiotropic QTL DFE means: 
0 0 0 0 0 0 0 0

Pleiotropic QTL DFE variance-covariance matrix (M matrix): 
initializeGenomicElement(g1, 0, 1933);
initializeGenomicElement(g2, 1934, 2749);
initializeGenomicElement(g1, 2750, 3864);
initializeGenomicElement(g2, 3865, 4471);
initializeGenomicElement(g1, 4472, 10328);
initializeGenomicElement(g2, 10329, 15631);
initializeGenomicElement(g2, 15632, 16450);
initializeGenomicElement(g2, 16451, 18737);
initializeGenomicElement(g2, 18738, 20204);
initializeGenomicElement(g2, 20205, 20679);
initializeRecombinationRate(0);
         [,0]     [,1]     [,2]     [,3]     [,4]     [,5]     [,6]     [,7]
[0,]  8.78058 0.265754 0.650937 0.270417 0.417291 0.490878 0.463813 0.442614
[1,] 0.265754  8.78058 0.931064 0.128692 0.691658 0.615639 0.614661 0.460318
[2,] 0.650937 0.931064  8.78058 0.409996  0.22488 0.898383 0.337092 0.377833
[3,] 0.270417 0.128692 0.409996  8.78058 0.478532  0.08235  0.47016 0.851893
[4,] 0.417291 0.691658  0.22488 0.478532  8.78058 0.913352  0.32565 0.423937
[5,] 0.490878 0.615639 0.898383  0.08235 0.913352  8.78058 0.237956  1.00366
[6,] 0.463813 0.614661 0.337092  0.47016  0.32565 0.237956  8.78058 0.550235
[7,] 0.442614 0.460318 0.377833 0.851893 0.423937  1.00366 0.550235  8.78058
initializeGenomicElement(g1, 0, 1542);

Pleiotropic QTL DFE means: 
initializeGenomicElement(g1, 1543, 1918);
initializeGenomicElement(g1, 1919, 3865);
initializeGenomicElement(g1, 3866, 4741);
initializeGenomicElement(g1, 4742, 7015);
initializeGenomicElement(g1, 7016, 10584);
0 0 0 0 0 0 0 0
initializeGenomicElement(g2, 10585, 10814);

Pleiotropic QTL DFE variance-covariance matrix (M matrix): 
initializeGenomicElement(g1, 10815, 11278);
initializeGenomicElement(g1, 11279, 19666);
initializeGenomicElement(g1, 19667, 20679);
initializeRecombinationRate(0);

Pleiotropic QTL DFE means: 
0 0 0 0 0 0 0 0

Pleiotropic QTL DFE variance-covariance matrix (M matrix): 
          [,0]      [,1]      [,2]      [,3]      [,4]      [,5]      [,6]      [,7]
[0,]   0.34969  0.542693  0.389641  0.210846  0.230255  0.213882  0.420153  0.201399
[1,]  0.542693   0.34969  0.153983  0.216195  0.200744  0.560496  0.363522   0.52534
[2,]  0.389641  0.153983   0.34969  0.504827  0.246524  0.350535  0.129494  0.182714
[3,]  0.210846  0.216195  0.504827   0.34969  0.356425  0.460731  0.363428  0.361543
[4,]  0.230255  0.200744  0.246524  0.356425   0.34969  0.465114  0.412196  0.261914
[5,]  0.213882  0.560496  0.350535  0.460731  0.465114   0.34969  0.248225  0.119628
[6,]  0.420153  0.363522  0.129494  0.363428  0.412196  0.248225   0.34969 0.0261422
[7,]  0.201399   0.52534  0.182714  0.361543  0.261914  0.119628 0.0261422   0.34969
           [,0]       [,1]       [,2]       [,3]       [,4]       [,5]       [,6]       [,7]
[0,]    8.58065    0.16941   0.188758 -0.0982065   0.193059   0.281968   0.206296  0.0747501
[1,]    0.16941    8.58065    0.23011   0.178657   0.113309    0.16943   0.231803  0.0613837
[2,]   0.188758    0.23011    8.58065   0.152907   0.213943   0.314681   0.139141   0.193603
[3,] -0.0982065   0.178657   0.152907    8.58065   0.186454   0.205833  0.0893657   0.207426
[4,]   0.193059   0.113309   0.213943   0.186454    8.58065   0.193905   0.358481   0.275325
[5,]   0.281968    0.16943   0.314681   0.205833   0.193905    8.58065   0.132278  0.0604308
[6,]   0.206296   0.231803   0.139141  0.0893657   0.358481   0.132278    8.58065  0.0871036
[7,]  0.0747501  0.0613837   0.193603   0.207426   0.275325  0.0604308  0.0871036    8.58065
initializeGenomicElement(g1, 0, 1542);
initializeGenomicElement(g1, 0, 1542);
initializeGenomicElement(g2, 1543, 1918);
initializeGenomicElement(g2, 1543, 1918);
initializeGenomicElement(g1, 1919, 3865);
initializeGenomicElement(g2, 1919, 3865);
initializeGenomicElement(g1, 3866, 4741);
initializeGenomicElement(g1, 3866, 4741);
initializeGenomicElement(g1, 4742, 7015);
initializeGenomicElement(g1, 4742, 7015);
initializeGenomicElement(g2, 7016, 10584);
initializeGenomicElement(g2, 7016, 10584);
initializeGenomicElement(g2, 10585, 10814);
initializeGenomicElement(g2, 10585, 10814);
initializeGenomicElement(g1, 10815, 11278);
initializeGenomicElement(g1, 10815, 11278);
initializeGenomicElement(g2, 11279, 19666);
initializeGenomicElement(g2, 11279, 19666);
initializeGenomicElement(g1, 19667, 20679);
initializeGenomicElement(g2, 19667, 20679);
initializeRecombinationRate(0);
initializeRecombinationRate(0);

Pleiotropic QTL DFE means: 
0 0 0 0 0 0 0 0

Pleiotropic QTL DFE variance-covariance matrix (M matrix): 
         [,0]     [,1]     [,2]     [,3]     [,4]     [,5]     [,6]     [,7]
[0,]  8.78058 0.665037 0.473084 0.593039 0.554838 0.749782  0.36004 0.511394
[1,] 0.665037  8.78058 0.750283 0.386421 0.434372 0.380289 0.125018 0.369232
[2,] 0.473084 0.750283  8.78058 0.572001 0.814458 0.573637 0.435933 0.424594
[3,] 0.593039 0.386421 0.572001  8.78058 0.764601  0.65723 0.746783 0.557454
[4,] 0.554838 0.434372 0.814458 0.764601  8.78058 0.682208  0.64166 0.302064
[5,] 0.749782 0.380289 0.573637  0.65723 0.682208  8.78058  0.40249 0.581424
[6,]  0.36004 0.125018 0.435933 0.746783  0.64166  0.40249  8.78058 0.495212
[7,] 0.511394 0.369232 0.424594 0.557454 0.302064 0.581424 0.495212  8.78058
initializeMutationRate(6.3e-06);
initializeMutationType(1, 0.5, "f", 0);
initializeMutationType(2, 0.5, "g", -0.03, 0.2);
initializeMutationType(3, 0.5, "f", 0);
initializeMutationType(4, 0.5, "n", 0, 0.34969);
initializeMutationType(5, 0.5, "n", 0, 0.34969);
initializeMutationType(6, 0.5, "n", 0, 0.34969);
initializeMutationType(7, 0.5, "n", 0, 0.34969);
initializeMutationType(8, 0.5, "n", 0, 0.34969);
initializeMutationType(9, 0.5, "n", 0, 0.34969);
initializeMutationType(10, 0.5, "n", 0, 0.34969);
initializeMutationType(11, 0.5, "n", 0, 0.34969);
initializeGenomicElementType(1, c(m1, m2), c(1, 0.381012));
initializeGenomicElementType(2, m1, 1);
initializeGenomicElement(g1, 0, 1542);
initializeGenomicElement(g2, 1543, 1918);
initializeGenomicElement(g2, 1919, 3865);
initializeGenomicElement(g1, 3866, 4741);
initializeGenomicElement(g2, 4742, 7015);
initializeGenomicElement(g2, 7016, 10584);
initializeGenomicElement(g2, 10585, 10814);
initializeGenomicElement(g1, 10815, 11278);
initializeGenomicElement(g2, 11279, 19666);
initializeGenomicElement(g2, 19667, 20679);
initializeRecombinationRate(0);

Pleiotropic QTL DFE means: 
0 0 0 0 0 0 0 0

Pleiotropic QTL DFE variance-covariance matrix (M matrix): 
         [,0]     [,1]     [,2]     [,3]     [,4]     [,5]     [,6]     [,7]
[0,]  0.34969 0.350067 0.419718 0.289151 0.322174 -0.16762 0.329514 0.481266
[1,] 0.350067  0.34969 0.352107 0.127584 0.392754 0.304933 0.193396 0.289184
[2,] 0.419718 0.352107  0.34969 0.395643  0.10477 0.260983  0.36516   0.5371
[3,] 0.289151 0.127584 0.395643  0.34969 0.237488 0.330444 0.318241 0.351317
[4,] 0.322174 0.392754  0.10477 0.237488  0.34969  0.15253 0.354037 0.330959
[5,] -0.16762 0.304933 0.260983 0.330444  0.15253  0.34969 0.611859 0.469927
[6,] 0.329514 0.193396  0.36516 0.318241 0.354037 0.611859  0.34969 0.225773
[7,] 0.481266 0.289184   0.5371 0.351317 0.330959 0.469927 0.225773  0.34969

Pleiotropic QTL DFE means: 

// Starting run at generation <start>:
1 

0 0 0 0 0 0 0 0

Pleiotropic QTL DFE variance-covariance matrix (M matrix): 
         [,0]     [,1]     [,2]     [,3]     [,4]     [,5]     [,6]     [,7]
[0,]  0.34969 0.350067 0.419718 0.289151 0.322174 -0.16762 0.329514 0.481266
[1,] 0.350067  0.34969 0.352107 0.127584 0.392754 0.304933 0.193396 0.289184
[2,] 0.419718 0.352107  0.34969 0.395643  0.10477 0.260983  0.36516   0.5371
[3,] 0.289151 0.127584 0.395643  0.34969 0.237488 0.330444 0.318241 0.351317

// Starting run at generation <start>:
1 

[4,] 0.322174 0.392754  0.10477 0.237488  0.34969  0.15253 0.354037 0.330959
[5,] -0.16762 0.304933 0.260983 0.330444  0.15253  0.34969 0.611859 0.469927
[6,] 0.329514 0.193396  0.36516 0.318241 0.354037 0.611859  0.34969 0.225773
[7,] 0.481266 0.289184   0.5371 0.351317 0.330959 0.469927 0.225773  0.34969

// Starting run at generation <start>:
1 

initializeGenomicElement(g1, 0, 1933);
initializeGenomicElement(g2, 1934, 2749);
initializeGenomicElement(g2, 2750, 3864);
initializeGenomicElement(g2, 3865, 4471);
initializeGenomicElement(g1, 4472, 10328);
initializeGenomicElement(g2, 10329, 15631);
initializeGenomicElement(g2, 15632, 16450);
initializeGenomicElement(g2, 16451, 18737);
initializeGenomicElement(g2, 18738, 20204);
initializeGenomicElement(g2, 20205, 20679);
initializeRecombinationRate(0);

// Starting run at generation <start>:
1 

initializeGenomicElement(g1, 0, 1933);
initializeGenomicElement(g2, 1934, 2749);
initializeGenomicElement(g1, 2750, 3864);
initializeGenomicElement(g1, 3865, 4471);
initializeGenomicElement(g1, 4472, 10328);
initializeGenomicElement(g1, 10329, 15631);
initializeGenomicElement(g2, 15632, 16450);
initializeGenomicElement(g1, 16451, 18737);
initializeGenomicElement(g1, 18738, 20204);
initializeGenomicElement(g1, 20205, 20679);
initializeRecombinationRate(0);
initializeGenomicElement(g1, 0, 1542);
initializeGenomicElement(g1, 1543, 1918);
initializeGenomicElement(g1, 1919, 3865);
initializeGenomicElement(g1, 3866, 4741);
initializeGenomicElement(g1, 4742, 7015);
initializeGenomicElement(g1, 7016, 10584);
initializeGenomicElement(g2, 10585, 10814);
initializeGenomicElement(g1, 10815, 11278);
initializeGenomicElement(g2, 11279, 19666);
initializeGenomicElement(g1, 19667, 20679);
initializeRecombinationRate(0);
initializeGenomicElement(g1, 0, 1933);
initializeGenomicElement(g2, 1934, 2749);
initializeGenomicElement(g1, 2750, 3864);
initializeGenomicElement(g1, 3865, 4471);
initializeGenomicElement(g1, 4472, 10328);
initializeGenomicElement(g1, 10329, 15631);
initializeGenomicElement(g1, 15632, 16450);
initializeGenomicElement(g1, 16451, 18737);
initializeGenomicElement(g1, 18738, 20204);
initializeGenomicElement(g1, 20205, 20679);
initializeRecombinationRate(0);

Pleiotropic QTL DFE means: 
0 0 0 0 0 0 0 0

Pleiotropic QTL DFE variance-covariance matrix (M matrix): 

// Starting run at generation <start>:
1 

initializeGenomicElement(g1, 0, 1542);
initializeGenomicElement(g1, 1543, 1918);
initializeGenomicElement(g1, 1919, 3865);
initializeGenomicElement(g1, 3866, 4741);
initializeGenomicElement(g1, 4742, 7015);
initializeGenomicElement(g2, 7016, 10584);
initializeGenomicElement(g2, 10585, 10814);
initializeGenomicElement(g1, 10815, 11278);
initializeGenomicElement(g2, 11279, 19666);
initializeGenomicElement(g1, 19667, 20679);
initializeRecombinationRate(0);
          [,0]      [,1]      [,2]      [,3]      [,4]      [,5]      [,6]      [,7]
[0,]   8.58065  0.123532  0.134904  0.125311  0.246163  0.117997 0.0902168  0.126666
[1,]  0.123532   8.58065  0.117614  0.328388  0.212984  0.307791  0.295773  0.144436
[2,]  0.134904  0.117614   8.58065  0.205375 0.0758691   0.10705  0.208826  0.269937
[3,]  0.125311  0.328388  0.205375   8.58065  0.212929  0.211824  0.272505  0.241501
[4,]  0.246163  0.212984 0.0758691  0.212929   8.58065  0.153453  0.145433 0.0700887
[5,]  0.117997  0.307791   0.10705  0.211824  0.153453   8.58065 0.0153165  0.137492
[6,] 0.0902168  0.295773  0.208826  0.272505  0.145433 0.0153165   8.58065   0.18737
[7,]  0.126666  0.144436  0.269937  0.241501 0.0700887  0.137492   0.18737   8.58065

// Starting run at generation <start>:
1 


// Starting run at generation <start>:
1 


Pleiotropic QTL DFE means: 
0 0 0 0 0 0 0 0

Pleiotropic QTL DFE variance-covariance matrix (M matrix): 
           [,0]       [,1]       [,2]       [,3]       [,4]       [,5]       [,6]       [,7]
[0,]    3.32449   0.171311   0.118019   0.131498 -0.0684152   0.134494   0.196432   0.143715
[1,]   0.171311    3.32449  0.0520744   0.160305   0.124461  0.0789363   0.118033   0.161485
[2,]   0.118019  0.0520744    3.32449  0.0427628   0.106522   0.149043   0.219221  0.0969325
[3,]   0.131498   0.160305  0.0427628    3.32449   0.134873   0.129893   0.143393  0.0622564
[4,] -0.0684152   0.124461   0.106522   0.134873    3.32449   0.144503   0.135083   0.249735
[5,]   0.134494  0.0789363   0.149043   0.129893   0.144503    3.32449   0.191804   0.092151
[6,]   0.196432   0.118033   0.219221   0.143393   0.135083   0.191804    3.32449  0.0420989
[7,]   0.143715   0.161485  0.0969325  0.0622564   0.249735   0.092151  0.0420989    3.32449

// Starting run at generation <start>:
1 


// Starting run at generation <start>:
1 

initializeGenomicElement(g1, 0, 1542);

Pleiotropic QTL DFE means: 
initializeGenomicElement(g1, 1543, 1918);
initializeGenomicElement(g1, 1919, 3865);
initializeGenomicElement(g1, 3866, 4741);
initializeGenomicElement(g1, 4742, 7015);
initializeGenomicElement(g2, 7016, 10584);
initializeGenomicElement(g2, 10585, 10814);
initializeGenomicElement(g1, 10815, 11278);
initializeGenomicElement(g2, 11279, 19666);
initializeGenomicElement(g1, 19667, 20679);
0 0 0 0 0 0 0 0

Pleiotropic QTL DFE variance-covariance matrix (M matrix): 
initializeRecombinationRate(0);
initializeGenomicElementType(1, c(m1, m2), c(1, 0.982935));
initializeGenomicElementType(1, c(m1, m2), c(1, 0.676201));
initializeGenomicElementType(2, m1, 1);
initializeGenomicElementType(2, m1, 1);

Pleiotropic QTL DFE means: 
0 0 0 0 0 0 0 0

Pleiotropic QTL DFE variance-covariance matrix (M matrix): 
           [,0]       [,1]       [,2]       [,3]       [,4]       [,5]       [,6]       [,7]
[0,]    8.58065    0.16941   0.188758 -0.0982065   0.193059   0.281968   0.206296  0.0747501
[1,]    0.16941    8.58065    0.23011   0.178657   0.113309    0.16943   0.231803  0.0613837
[2,]   0.188758    0.23011    8.58065   0.152907   0.213943   0.314681   0.139141   0.193603
[3,] -0.0982065   0.178657   0.152907    8.58065   0.186454   0.205833  0.0893657   0.207426
[4,]   0.193059   0.113309   0.213943   0.186454    8.58065   0.193905   0.358481   0.275325
[5,]   0.281968    0.16943   0.314681   0.205833   0.193905    8.58065   0.132278  0.0604308
[6,]   0.206296   0.231803   0.139141  0.0893657   0.358481   0.132278    8.58065  0.0871036
[7,]  0.0747501  0.0613837   0.193603   0.207426   0.275325  0.0604308  0.0871036    8.58065

// Starting run at generation <start>:
1 

           [,0]       [,1]       [,2]       [,3]       [,4]       [,5]       [,6]       [,7]
[0,]    3.32449   0.171311   0.118019   0.131498 -0.0684152   0.134494   0.196432   0.143715
