
R version 3.5.0 (2018-04-23) -- "Joy in Playing"
Copyright (C) 2018 The R Foundation for Statistical Computing
Platform: x86_64-pc-linux-gnu (64-bit)

R is free software and comes with ABSOLUTELY NO WARRANTY.
You are welcome to redistribute it under certain conditions.
Type 'license()' or 'licence()' for distribution details.

  Natural language support but running in an English locale

R is a collaborative project with many contributors.
Type 'contributors()' for more information and
'citation()' on how to cite R or R packages in publications.

Type 'demo()' for some demos, 'help()' for on-line help, or
'help.start()' for an HTML browser interface to help.
Type 'q()' to quit R.

> 
> # Worst case scenario test run for 8T Selection
> 
> 
> TMPDIR <- Sys.getenv('TMPDIR')
> USER <- Sys.getenv('USER')
> PBSIND <- as.numeric(Sys.getenv("PBS_ARRAY_INDEX"))
> 
> 
> 
> 
> if (PBSIND == 1) {
+ 	system.time(system("/home/$USER/SLiM/slim -s 123 -d Ne=8000 -d nloci=500 -d locisigma=10.0 -d pleiorate=1.0 -d delmu=1.0 -d rwide=1.241e-4 -d pleio_cov=-0.5 -d delchr=10 -d wsd=10.0 /home/$USER/SLiM/Scripts/stabsel_recom_8T100L_nowrite.slim"))
+ } else {
+ 	system.time(system("/home/$USER/SLiM/slim -s 123 -d Ne=10000 -d nloci=500 -d locisigma=10.0 -d pleiorate=1.0 -d delmu=1.0 -d rwide=1.241e-4 -d pleio_cov=-0.5 -d delchr=10 -d wsd=10.0 /home/$USER/SLiM/Scripts/stabsel_recom_8T100L_nowrite.slim"))
+ }
// Initial random seed:
123

// RunInitializeCallbacks():
initializeMutationRate(6.3e-06);
initializeMutationType(1, 0.5, "f", 0);
initializeMutationType(2, 0.5, "g", -0.03, 0.2);
initializeMutationType(3, 0.5, "f", 0);
initializeMutationType(4, 0.5, "n", 0, 10);
initializeMutationType(5, 0.5, "n", 0, 10);
initializeMutationType(6, 0.5, "n", 0, 10);
initializeMutationType(7, 0.5, "n", 0, 10);
initializeMutationType(8, 0.5, "n", 0, 10);
initializeMutationType(9, 0.5, "n", 0, 10);
initializeMutationType(10, 0.5, "n", 0, 10);
initializeMutationType(11, 0.5, "n", 0, 10);
initializeGenomicElementType(1, c(m1, m2), c(1, 1));
initializeGenomicElementType(2, m1, 1);
initializeGenomicElement(g1, 0, 3362);
initializeGenomicElement(g1, 3363, 4779);
initializeGenomicElement(g1, 4780, 5075);
initializeGenomicElement(g1, 5076, 6179);
initializeGenomicElement(g1, 6180, 8204);
initializeGenomicElement(g1, 8205, 11312);
initializeGenomicElement(g1, 11313, 16009);
initializeGenomicElement(g1, 16010, 16577);
initializeGenomicElement(g1, 16578, 17670);
initializeGenomicElement(g1, 17671, 20679);
initializeRecombinationRate(0);

Pleiotropic QTL DFE means: 
0 0 0 0 0 0 0 0

Pleiotropic QTL DFE variance-covariance matrix (M matrix): 
           [,0]       [,1]       [,2]       [,3]       [,4]       [,5]       [,6]       [,7]
[0,]         10   -1.20152    -0.8296   -0.91866   -0.92381   -2.35398    -1.8798  -0.811334
[1,]   -1.20152         10   -2.06843   -3.02112   -1.33684 -0.0039692  -0.872698   -1.00287
[2,]    -0.8296   -2.06843         10   -1.90432   -1.98951  -0.239526   -1.40526   -2.18341
[3,]   -0.91866   -3.02112   -1.90432         10   -1.47461  -0.935285    -1.2111  -0.187256
[4,]   -0.92381   -1.33684   -1.98951   -1.47461         10   -2.04065    -1.8192  -0.920533
[5,]   -2.35398 -0.0039692  -0.239526  -0.935285   -2.04065         10   -2.17826   -1.88369
[6,]    -1.8798  -0.872698   -1.40526    -1.2111    -1.8192   -2.17826         10   -2.17696
[7,]  -0.811334   -1.00287   -2.18341  -0.187256  -0.920533   -1.88369   -2.17696         10

// Starting run at generation <start>:
1 

500 23.47
1000 63.96
1500 118.78
2000 187.21
2500 266.51
3000 350.44
3500 437.06
4000 549.13
4500 666.18
5000 791.59
5500 931.11
6000 1083.09
6500 1244.31
7000 1415.78
7500 1576.82
8000 1742.85
8500 1953.07
9000 2161.93
9500 2390.18
10000 2598.61
10500 2853.28
11000 3111.07
11500 3381.62
12000 3666.91
12500 3945.94
13000 4237.61
13500 4544.91
14000 4860.27
14500 5189.22
15000 5509.55
15500 5855.89
16000 6207.75
16500 6496.91
17000 6796.21
17500 7098.58
18000 7409.85
18500 7730.42
19000 8130.65
19500 8544.38
20000 8965.51
20500 9395.54
21000 9834.33
21500 10280
22000 10728
22500 11189.1
23000 11660.3
23500 12117.1
24000 12573.8
24500 13036.5
25000 13503.7
25500 13972.8
26000 14448
26500 14928.3
27000 15415.7
27500 15909.3
28000 16407.6
28500 16909.3
29000 17419.3
29500 17933.5
30000 18451.9
30500 18975.4
31000 19501.9
31500 20035.2
32000 20464.1
32500 20796.1
33000 21129.4
33500 21460.4
34000 21775.7
34500 22062.4
35000 22337.9
35500 22614.8
36000 22892.8
36500 23171.8
37000 23451
37500 23732.1
38000 24013.8
38500 24296.1
39000 24577.7
39500 24859.8
40000 25143.9
40500 25428.7
41000 25713.7
41500 25998.4
42000 26301.2
42500 26612.1
43000 26923.6
43500 27236.8
44000 27549.9
44500 27865.3
45000 28184.9
45500 28502
46000 28820.5
46500 29139.1
47000 29458
47500 29777.3
48000 30098.4
48500 30419.4
49000 30741.8
49500 31065.8
50000 31389.2

Trait optima: 
28.7666 -1166.5 766.694 59.1712 604.76 -291.513 -117.544 -1.13776
50500 32859.1
51000 34172.4
51500 35388.3
52000 36584
52500 37781.6
53000 38961.6
53500 40150
54000 41355.6
54500 42557.4
55000 43772.7
55500 44995.2
56000 46200.6
56500 47459.4
57000 48721
57500 49992.6
58000 51256.6
58500 52546.2
59000 53849.1
59500 55128.2
60000 56413.7
60500 57709
61000 59002.6
61500 60293
62000 61559.1
62500 62815.7
63000 64055.8
63500 65300.8
64000 66546.4
64500 67796.8
65000 69045.6
65500 70287.9
66000 71555.8
66500 72902.9
67000 74246.3
67500 75584.8
68000 76887.4
68500 78167.5
69000 79400
69500 80627
70000 81866.4
70500 83102.7
71000 84338.2
71500 85561.8
72000 86788.8
72500 88013.7
73000 89245.9
73500 90485.2
74000 91727.8
74500 92970.6
75000 94211.3
75500 95479.2
76000 96715.6
76500 97946.1
77000 99181.9
77500 100420
78000 101667
78500 102914
79000 104180
79500 105451
80000 106714
80500 107976
81000 109235
81500 110497
82000 111757
82500 113019
83000 114275
83500 115534
84000 116830
84500 118118
85000 119441
85500 120787
86000 122107
86500 123433
87000 124772
87500 126087
88000 127396
88500 128715
89000 130009
89500 131296
90000 132550
90500 133827
91000 135108
91500 136373
92000 137608
92500 138829
93000 140060
93500 141282
94000 142509
94500 143747
95000 144987
95500 146236
96000 147480
96500 148731
97000 149991
97500 151256
98000 152523
98500 153784
99000 155044
99500 156259
100000 157484
100500 158757
101000 159984
101500 161244
102000 162462
102500 163716
103000 164980
103500 166255
104000 167513
104500 168767
105000 170016
105500 171275
106000 172531
106500 173815
107000 175107
107500 176378
108000 177658
108500 178894
109000 180186
109500 181478
110000 182774
110500 184066
111000 185349
111500 186641
112000 187930
112500 189244
113000 190513
113500 191796
114000 193065
114500 194602
115000 197555
115500 199742
116000 202683
116500 206259
117000 209807
117500 213618
118000 218215
118500 223045
119000 226378
119500 228725
120000 230922
120500 233385
121000 235397
121500 238283
122000 241181
122500 244105
123000 246702
123500 248689
124000 252325
124500 255493
125000 258537
125500 261771
126000 265298
126500 267846
127000 270440
127500 273576
128000 275816
128500 279031
129000 281621
129500 284859
130000 287808
130500 290943
131000 293662
