
R version 3.5.0 (2018-04-23) -- "Joy in Playing"
Copyright (C) 2018 The R Foundation for Statistical Computing
Platform: x86_64-pc-linux-gnu (64-bit)

R is free software and comes with ABSOLUTELY NO WARRANTY.
You are welcome to redistribute it under certain conditions.
Type 'license()' or 'licence()' for distribution details.

  Natural language support but running in an English locale

R is a collaborative project with many contributors.
Type 'contributors()' for more information and
'citation()' on how to cite R or R packages in publications.

Type 'demo()' for some demos, 'help()' for on-line help, or
'help.start()' for an HTML browser interface to help.
Type 'q()' to quit R.

> 
> # Worst case scenario test run for 8T Selection
> 
> system("/home/$USER/SLiM/slim -s 123 -d Ne=10000 -d QTL_cov=0.5 -d nloci=500 -d locisigma=10.0 -d pleiorate=1.0 -d delmu=1.0 -d rwide=1.346e-5 -d pleio_cov=0.5 -d delchr=10 /home/$USER/SLiM/Scripts/null_recom_8T100L_nowrite.slim")
// Initial random seed:
123

// RunInitializeCallbacks():
initializeMutationRate(6.3e-06);
initializeMutationType(1, 0.5, "f", 0);
initializeMutationType(2, 0.5, "g", -0.03, 0.2);
initializeMutationType(3, 0.5, "f", 0);
initializeMutationType(4, 0.5, "n", 0, 10);
initializeMutationType(5, 0.5, "n", 0, 10);
initializeMutationType(6, 0.5, "n", 0, 10);
initializeMutationType(7, 0.5, "n", 0, 10);
initializeMutationType(8, 0.5, "n", 0, 10);
initializeMutationType(9, 0.5, "n", 0, 10);
initializeMutationType(10, 0.5, "n", 0, 10);
initializeMutationType(11, 0.5, "n", 0, 10);
initializeGenomicElementType(1, c(m1, m2), c(1, 1));
initializeGenomicElementType(2, m1, 1);
initializeGenomicElement(g1, 0, 3362);
initializeGenomicElement(g1, 3363, 4779);
initializeGenomicElement(g1, 4780, 5075);
initializeGenomicElement(g1, 5076, 6179);
initializeGenomicElement(g1, 6180, 8204);
initializeGenomicElement(g1, 8205, 11312);
initializeGenomicElement(g1, 11313, 16009);
initializeGenomicElement(g1, 16010, 16577);
initializeGenomicElement(g1, 16578, 17670);
initializeGenomicElement(g1, 17671, 20679);
initializeRecombinationRate(0);

Pleiotropic QTL DFE means: 
0 0 0 0 0 0 0 0

Pleiotropic QTL DFE variance-covariance matrix (M matrix): 
         [,0]     [,1]     [,2]     [,3]     [,4]     [,5]     [,6]     [,7]
[0,]       10 0.692466 0.706226 0.749167  0.68345 0.394154 0.386308 0.799922
[1,] 0.692466       10 0.350496 0.181118 0.534213 0.939432 0.588902 0.710919
[2,] 0.706226 0.350496       10 0.375188 0.278802 0.795834 0.357102 0.333294
[3,] 0.749167 0.181118 0.375188       10 0.483449 0.691617 0.486847  0.90023
[4,]  0.68345 0.534213 0.278802 0.483449       10 0.346384 0.254585 0.649824
[5,] 0.394154 0.939432 0.795834 0.691617 0.346384       10 0.249811 0.480096
[6,] 0.386308 0.588902 0.357102 0.486847 0.254585 0.249811       10 0.275176
[7,] 0.799922 0.710919 0.333294  0.90023 0.649824 0.480096 0.275176       10

// Starting run at generation <start>:
1 

500 31.16
1000 82.6
1500 150.36
2000 233.54
2500 331.43
3000 444.66
3500 552.01
4000 671.88
4500 803.05
5000 944.48
5500 1126.63
6000 1323.36
6500 1532
7000 1756.28
7500 1992.3
8000 2238.51
8500 2502.01
9000 2756.54
9500 3031.63
10000 3304.56
10500 3606.8
11000 3936.23
11500 4282.23
12000 4638.5
12500 4967
13000 5294.1
13500 5694.09
14000 6088.12
14500 6487.66
15000 6929.55
15500 7375.63
16000 7831.66
16500 8294.96
17000 8787.64
17500 9266.45
18000 9759.38
18500 10280.4
19000 10807.5
19500 11345.1
20000 11895.1
20500 12457.2
21000 13028.6
21500 13623.4
22000 14199.6
22500 14770.1
23000 15349.1
23500 15913.9
24000 16482.9
24500 17066.6
25000 17548.6
25500 18057.9
26000 18680.7
26500 19324.8
27000 19968.7
27500 20609.5
28000 21268.1
28500 21939.7
29000 22617
29500 23294.2
30000 23983.5
30500 24678.1
31000 25367.1
31500 26069.9
32000 26783.8
32500 27503.2
33000 28214.8
33500 28953
34000 29694.7
34500 30456.4
35000 31216.2
35500 31958.9
36000 32727.5
36500 33422
37000 34193.2
37500 34978.1
38000 35758.7
38500 36503.5
39000 37037.4
39500 37526.5
40000 38028.4
40500 38511.1
41000 39025.9
41500 39545.8
42000 40054.3
42500 40570.4
43000 41080.2
43500 41589
44000 42087.4
44500 42588.5
45000 43057.5
45500 43533.3
46000 43975.4
46500 44418
47000 44859.9
47500 45309.7
48000 45772.4
48500 46218.7
49000 46667
49500 47111.7
50000 47553.2
50500 48138.8
51000 48597.8
51500 49074.2
52000 49530.5
52500 49989
53000 50447.6
53500 50906.8
54000 51348.6
54500 51830.7
55000 52310.1
55500 52796.2
56000 53277.3
56500 53752.7
57000 54220.3
57500 54678.4
58000 55144.3
58500 55605.2
59000 56066.1
59500 56533.4
60000 57016.2
60500 57501.5
61000 57979.6
61500 58480.9
62000 58985.6
62500 59495
63000 59997.5
63500 60503.1
64000 61014.1
64500 61521.3
65000 62022
65500 62525.4
66000 63027.4
66500 63532.4
67000 64039.4
67500 64539
68000 65045.1
68500 65536.4
69000 66046.4
69500 66552.1
70000 67069.2
70500 67570.9
71000 68080.8
71500 68589.4
72000 69112.3
72500 69616.9
73000 70132.7
73500 70651.1
74000 71140.2
74500 71658.6
75000 72165.8
75500 72751.7
76000 73269.6
76500 73789.6
77000 74306
77500 74819.9
78000 75328.4
78500 75842.1
79000 76342.6
79500 76817.9
80000 77279.2
80500 77733.1
81000 78182.5
81500 78598.9
82000 79013.9
82500 79441.1
83000 79863.1
83500 80351.2
84000 80881.6
84500 81415.6
85000 81960.6
85500 82531.1
86000 83050
86500 83569
87000 84086.6
87500 84608.1
88000 85133.4
88500 85648.2
89000 86169.4
89500 86687.4
90000 87168.4
90500 87688.6
91000 88210.6
91500 88729.2
92000 89246.1
92500 89763.7
93000 90329.5
93500 90881.6
94000 91424
94500 91961.8
95000 92494.4
95500 93035.7
96000 93565.4
96500 94102
97000 94642.8
97500 95183.4
98000 95727.5
98500 96251.9
99000 96788.6
99500 97311
100000 97838.4
100500 98533.4
101000 99176.9
101500 99795.7
102000 100429
102500 101081
103000 101731
103500 102336
104000 102981
104500 103578
105000 104218
105500 104836
106000 105417
106500 106047
107000 106659
107500 107250
108000 107838
108500 108464
109000 109087
109500 109703
110000 110327
110500 110933
111000 111543
111500 112182
112000 112829
112500 113475
113000 114122
113500 114755
114000 115384
114500 116019
115000 116668
115500 117347
116000 117983
116500 118639
117000 119306
117500 119976
118000 120615
118500 121280
119000 121946
119500 122569
120000 123207
120500 123880
121000 124551
121500 125223
122000 125878
122500 126525
123000 127149
123500 127790
124000 128448
124500 129110
125000 129775
125500 130510
126000 131139
126500 131741
127000 132397
127500 133063
128000 133726
128500 134352
129000 135006
129500 135692
130000 136420
130500 137064
131000 137722
131500 138358
132000 139005
132500 139669
133000 140299
133500 140938
134000 141629
134500 142282
135000 142909
135500 143550
136000 144209
136500 144849
137000 145484
137500 146169
138000 146829
138500 147461
139000 148143
139500 148823
140000 149498
140500 150132
141000 150784
141500 151457
142000 152149
142500 152834
143000 153525
143500 154203
144000 154884
144500 155564
145000 156240
145500 156921
146000 157617
146500 158286
147000 158972
147500 159632
148000 160282
148500 160952
149000 161563
149500 162211
150000 162880
> 
